AXIS X
0.00 0.005 0.01 0.015 0.02 0.025 0.03 0.035 0.04 0.045 0.05 0.055 0.06 0.065 0.07 0.075 0.08 0.085 0.09 0.095 0.1 0.105 0.11 0.115 0.12 0.125 0.13 0.135 0.14 0.145 0.15 0.155 0.16 0.165 0.17 0.175 0.18 0.185 0.19 0.195 0.2 0.205 0.21 0.215 0.22 0.225 0.23 0.235 0.24 0.245 0.25 0.255 0.26 0.265 0.27 0.275 0.28 0.285 0.29

AXIS Y
-1.00 

DATA
2e-11
3e-11
4e-11
5e-11
6e-11
7e-11
8e-11
9e-11
10e-11
11e-11
12e-11
13e-11
14e-11
15e-11
16e-11
17e-11
18e-11
19e-11
20e-11
21e-11
22e-11
23e-11
24e-11
25e-11
26e-11
27e-11
28e-11
29e-11
30e-11
31e-11
32e-11
33e-11
34e-11
35e-11
36e-11
37e-11
38e-11
39e-11
40e-11
41e-11
42e-11
43e-11
44e-11
45e-11
46e-11
47e-11
48e-11
49e-11
50e-11
51e-11
52e-11
53e-11
54e-11
55e-11
56e-11
57e-11
58e-11
59e-11
60e-11
