AXIS X
0.00 0.005 0.01 0.015 0.02 0.025 0.03 0.035 0.04 0.045 0.05 0.055 0.06 0.065 0.07 0.075 0.08 0.085 0.09 0.095 0.1 0.105 0.11 0.115 0.12 0.125 0.13 0.135 0.14 0.145 0.15 0.155 0.16 0.165 0.17 0.175 0.18 0.185 0.19 0.195 0.2 0.205 0.21 0.215 0.22 0.225 0.23 0.235 0.24 0.245 0.25 0.255 0.26 0.265 0.27 0.275 0.28 0.285 0.29

AXIS Y
-1.00 

DATA
16.5e-11
17.0e-11
17.5e-11
18.0e-11
18.5e-11
19.0e-11
19.5e-11
20.0e-11
20.5e-11
21.0e-11
21.5e-11
22.0e-11
22.5e-11
23.0e-11
23.5e-11
24.0e-11
24.5e-11
25.0e-11
25.5e-11
26.0e-11
26.5e-11
27.0e-11
27.5e-11
28.0e-11
28.5e-11
29.0e-11
29.5e-11
30.0e-11
30.5e-11
31e-11
31.5e-11
32.0e-11
32.5e-11
33.0e-11
33.5e-11
34.0e-11
34.5e-11
35.0e-11
35.5e-11
36.0e-11
36.5e-11
37.0e-11
37.5e-11
38.0e-11
38.5e-11
39.0e-11
39.5e-11
40.0e-11
40.5e-11
41.0e-11
41.5e-11
42.0e-11
42.5e-11
43.0e-11
43.5e-11
44.0e-11
44.5e-11
45.0e-11
45.5e-11
