AXIS X
0.00 0.005 0.01 0.015 0.02 0.025 0.03 0.035 0.04 0.045 0.05 0.055 0.06 0.065 0.07 0.075 0.08 0.085 0.09 0.095 0.1 0.105 0.11 0.115 0.12 0.125 0.13 0.135 0.14 0.145 0.15 0.155 0.16 0.165 0.17 0.175 0.18 0.185 0.19 0.195 0.2 0.205 0.21 0.215 0.22 0.225 0.23 0.235 0.24 0.245 0.25 0.255 0.26 0.265 0.27 0.275 0.28 0.285 0.29

AXIS Y
-1.00 

DATA
295.5e-12
296.0e-12
296.5e-12
297.0e-12
297.5e-12
298.0e-12
298.5e-12
299.0e-12
299.5e-12
300.0e-12
300.5e-12
301.0e-12
301.5e-12
302.0e-12
302.5e-12
303.0e-12
303.5e-12
304.0e-12
304.5e-12
305.0e-12
305.5e-12
306.0e-12
306.5e-12
307.0e-12
307.5e-12
308.0e-12
308.5e-12
309.0e-12
309.5e-12
310e-12
310.5e-12
311.0e-12
311.5e-12
312.0e-12
312.5e-12
313.0e-12
313.5e-12
314.0e-12
314.5e-12
315.0e-12
315.5e-12
316.0e-12
316.5e-12
317.0e-12
317.5e-12
318.0e-12
318.5e-12
319.0e-12
319.5e-12
320.0e-12
320.5e-12
321.0e-12
321.5e-12
322.0e-12
322.5e-12
323.0e-12
323.5e-12
324.0e-12
324.5e-12
